CustID   CustName CustMid CustSur CustGen           CustCompany                 CustStreet      CustCity CustZIPCustCountry      CustState    CountryLong          Manager InternetPhoneConsultant CustOption        Date      Open      High        Low     Close    Change    LastDate  LastOpen  LastHigh   LastLow LastClose LastChange Initial_Amount       Jan       Feb       Mar       Apr       May       Jun       Jul       Aug       Sep       Oct       Nov       Dec
     1   Johannes          Planck       1                               Kopernikstrasse 54          Kiel   44612          D                       Germany    Thomas Müller        1    1          1          1  21.9.2001  0,761000  0,765210   0,707836  0,757446   -18,91%  28.12.2001    1022044   1035114   1022044   1032020     2,81%       17000,00   6412,78   6377,56   6204,42   6194,22   6223,57   6201,49   5999,19   5222,12   3787,23   4820,26   5150,97    5160,1   
     2  Elizabeth           Miles       2          Fiberplan AG              Watson Street     Liverpool SW45AJ           E      Hampshire United Kingdom       Samuel Ray        0    1          1          5   3.8.2001    2079150   2079150    2047620   2066330    1,84%  28.12.2001    1985710   2002720   1982370   1987260     2,13%        3000,00    2781,3    2660,5   2457,68   2163,41   2101,23    2215,1   2084,79    1916,8   1423,19   1768,96   1900,57   1987,26   
     3       Anne     A. Bolliger       2 Great Beneficial Inc.                   Route 66         Davos   42321          U          Texas            USA Amanda Langstrom        1    0          1          4  21.9.2001  0,835656  0,848422   0,792693  0,823581   -14,26%  28.12.2001    1013394   1022078   1006717   1013699     1,01%       20000,00      10660 11203,22  11934,54   11959,2  10821,31      10977 10416,67  10956,34   8235,81   9204,11   9959,71  10136,99   
     4     Michel         Louviot       1                                   rue de Larrieu      Bordeaux   65418          F                        France  Pierre Dassault        1    1          0          3  21.9.2001  0,734874  0,746624   0,692614  0,730574   -16,67%  28.12.2001  0,920762  0,926038  0,916458  0,924916      2,78%       60000,00    5982,9    6130,4    6109,2   5575,97   5581,94   5439,76   5025,24   4689,34   3652,87   4478,63   4476,06   4624,58   
     5     Robert     D.    Baker       1                                 120 Emily Avenue       Houston   56464          U        Florida            USA     Helen Hannah        0    0          1          6  28.9.2001    1018610   1040940    1018610   1040940    0,00%  28.12.2001    1157130   1164640   1157130   1161020     1,41%        2000,00   1490,77   1349,47   1299,83   1253,05   1291,96   1225,35   1215,02   1133,58   1040,94   1073,48   1120,31   1161,02   
     6     Robert           Jones       1           Calcsoft Co            Colborne Street        London DI77DS           E                United Kingdom  Jonathan Claper        0    1          0          2  21.9.2001  0,911380  0,911380   0,843960  0,886740   -11,92%  28.12.2001    1042640   1048740   1039200   1048480     1,61%       18000,00    6294,3   6588,36   6902,18    5766,6    5889,8    6068,3   5762,28   6230,84    4433,7    5145,5    5238,2    5242,4   
     7    Patrick           Lewis       2                                    Louisa Street          York BF51CL           E Leicestershire United Kingdom       Samuel Ray        0    1          0          5 19.10.2001    1644490   1675200    1628240   1671310   -1,88%  28.12.2001    1985710   2002720   1982370   1987260     2,13%        6000,00    2781,3    2660,5   2457,68   2163,41   2101,23    2215,1   2084,79    1916,8   1423,19   1768,96   1900,57   1987,26   
     8    Hermann            Mans       1                                          Im Bohl    Düsseldorf   80004          D                       Germany Amanda Langstrom        1    0          1          4  13.7.2001    1047839   1061542    1037300   1053906    0,56%  28.12.2001    1013394   1022078   1006717   1013699     1,01%       30000,00      10660 11203,22  11934,54   11959,2  10821,31      10977 10416,67  10956,34   8235,81   9204,11   9959,71  10136,99   
     9      Tracy     G. Landauer       2             CitySheet              2 Laurel Lane   Stony Brook   75555          U       Arkansas            USA  Jonathan Claper        0    0          0          2 26.10.2001    1017320   1037720    1017320   1037720    1,42%  28.12.2001    1042640   1048740   1039200   1048480     1,61%        5000,00    6294,3   6588,36   6902,18    5766,6    5889,8    6068,3   5762,28   6230,84    4433,7    5145,5    5238,2    5242,4   
    10       Anna     N.    Smith       2      MegaService Inc.           26, First Avenue    Huntington   85443          U           Ohio            USA    Thomas Müller        1    1          1          1 12.10.2001  0,944122  0,944946   0,916272  0,925026     3,06%  28.12.2001    1022044   1035114   1022044   1032020     2,81%       24000,00   6412,78   6377,56   6204,42   6194,22   6223,57   6201,49   5999,19   5222,12   3787,23   4820,26   5150,97    5160,1   
    11   François         Pommett       1                                15, rue des Côtes    Marseilles   26464          F                        France       Samuel Ray        1    0          1          5  21.9.2001    1395790   1454040    1387060   1423190  -16,05%  28.12.2001    1985710   2002720   1982370   1987260     2,13%        4000,00    2781,3    2660,5   2457,68   2163,41   2101,23    2215,1   2084,79    1916,8   1423,19   1768,96   1900,57   1987,26   
    12     Martin         Russell       1                                 Aeschengraben 21  Bachenbülach   81004          D                       Germany    Thomas Müller        1    1          1          1   9.3.2001    1252844   1252844    1238666   1240884    0,74%  28.12.2001    1022044   1035114   1022044   1032020     2,81%        7000,00   6412,78   6377,56   6204,42   6194,22   6223,57   6201,49   5999,19   5222,12   3787,23   4820,26   5150,97    5160,1   
    13      David     A. Gonzales       1      American Express     25 Minetta Ln. Unit 3F      New York   10018          U       New York            USA     Helen Hannah        0    0          0          6  5.10.2001    1069620   1072350    1053500   1071380    2,92%  28.12.2001    1157130   1164640   1157130   1161020     1,41%       15000,00   1490,77   1349,47   1299,83   1253,05   1291,96   1225,35   1215,02   1133,58   1040,94   1073,48   1120,31   1161,02   
    14    Matthew           Evans       1           Camarelo SA            Sherwood Avenue        London AB22VF           E                United Kingdom  Jonathan Claper        1    1          0          2  25.5.2001    1183180   1185960    1171960   1177960   -0,43%  28.12.2001    1042640   1048740   1039200   1048480     1,61%       25000,00    6294,3   6588,36   6902,18    5766,6    5889,8    6068,3   5762,28   6230,84    4433,7    5145,5    5238,2    5242,4   
    15     Thomas          Miller       1      e-MailService SA            Cromwell Street    Manchester HR76OD           E                United Kingdom Amanda Langstrom        1    1          1          4  21.9.2001  0,835656  0,848422   0,792693  0,823581   -14,26%  28.12.2001    1013394   1022078   1006717   1013699     1,01%       50000,00      10660 11203,22  11934,54   11959,2  10821,31      10977 10416,67  10956,34   8235,81   9204,11   9959,71  10136,99   
    16       Jane          Tarzan       2                                        Kent Lane     Edinburgh EH12LK           E                United Kingdom     Helen Hannah        0    0          0          6  27.4.2001    1234520   1253070    1234520   1253050    0,81%  28.12.2001    1157130   1164640   1157130   1161020     1,41%        4000,00   1490,77   1349,47   1299,83   1253,05   1291,96   1225,35   1215,02   1133,58   1040,94   1073,48   1120,31   1161,02   
    17    Richard     C.    Olson       1         Jones & Jones           1262 Piney Place        Dallas   20055          U          Texas            USA  Pierre Dassault        1    1          1          3  5.10.2001  0,827432  0,846532   0,823230  0,832952     0,00%  28.12.2001  0,920762  0,926038  0,916458  0,924916      2,78%        2000,00    5982,9    6130,4    6109,2   5575,97   5581,94   5439,76   5025,24   4689,34   3652,87   4478,63   4476,06   4624,58   
    18      Louis           Sasco       1          PC Megastore        33, rue de l'Étoile   La Rochelle   32228          F                        France Amanda Langstrom        0    1          0          4  28.9.2001  0,867907  0,894568   0,863375  0,884756     0,00%  28.12.2001    1013394   1022078   1006717   1013699     1,01%        6000,00      10660 11203,22  11934,54   11959,2  10821,31      10977 10416,67  10956,34   8235,81   9204,11   9959,71  10136,99   
    19       Demy         Salomas       1           Gil S. GmbH             Unterstrasse 1        Thun 6   60008          D                       Germany Amanda Langstrom        0    1          0          4  10.9.2001  0,960336  0,974044   0,943107  0,960551    -2,39%  28.12.2001    1013394   1022078   1006717   1013699     1,01%       14000,00      10660 11203,22  11934,54   11959,2  10821,31      10977 10416,67  10956,34   8235,81   9204,11   9959,71  10136,99   
    20     George         Cornish       1             Gastro AG              Church Street     Cambridge JD44JD           E                United Kingdom     Helen Hannah        1    0          1          6  18.5.2001    1288490   1292060    1281150   1291960    3,72%  28.12.2001    1157130   1164640   1157130   1161020     1,41%        6000,00   1490,77   1349,47   1299,83   1253,05   1291,96   1225,35   1215,02   1133,58   1040,94   1073,48   1120,31   1161,02   
    21    Marilyn     M.    Lucas       2                               95 24 116th Street Richmond Hill   34334          U     California            USA    Thomas Müller        1    1          0          1 12.10.2001  0,944122  0,944946   0,916272  0,925026     3,06%  28.12.2001    1022044   1035114   1022044   1032020     2,81%        4000,00   6412,78   6377,56   6204,42   6194,22   6223,57   6201,49   5999,19   5222,12   3787,23   4820,26   5150,97    5160,1   
    22     Gloria            Kims       2               Fire AG           Baumstrasse  323           Wil   95006          D                       Germany Amanda Langstrom        1    1          1          4 23.11.2001  0,983309  0,998324   0,980437  0,995971     0,88%  28.12.2001    1013394   1022078   1006717   1013699     1,01%        1000,00      10660 11203,22  11934,54   11959,2  10821,31      10977 10416,67  10956,34   8235,81   9204,11   9959,71  10136,99   
    23     Simona         Grosser       2                                  Birnbaumweg 143      Dietikon   81005          D                       Germany    Thomas Müller        1    0          1          1   5.7.2001    1198766   1208194    1189588   1199838    0,46%  28.12.2001    1022044   1035114   1022044   1032020     2,81%       46000,00   6412,78   6377,56   6204,42   6194,22   6223,57   6201,49   5999,19   5222,12   3787,23   4820,26   5150,97    5160,1   
    24      Edith          Clarke       2                BMC AG                 Ann Street       Cardiff WS86IG           E                United Kingdom  Jonathan Claper        0    0          0          2 12.10.2001    1032980   1037500    1016240   1029100    2,17%  28.12.2001    1042640   1048740   1039200   1048480     1,61%        1000,00    6294,3   6588,36   6902,18    5766,6    5889,8    6068,3   5762,28   6230,84    4433,7    5145,5    5238,2    5242,4   
    25    Charles          Foster       1            Müller Ltd              Horton Street    Birmingham AA17PL           E                United Kingdom  Pierre Dassault        1    0          1          3  28.9.2001  0,813044  0,823568   0,808178  0,815804    11,67%  28.12.2001  0,920762  0,926038  0,916458  0,924916      2,78%       10000,00    5982,9    6130,4    6109,2   5575,97   5581,94   5439,76   5025,24   4689,34   3652,87   4478,63   4476,06   4624,58   
    26    Annette     D.   Pierce       2       Page Storm Inc.         8402 Impalla Drive   Centreville   45468          U           Utah            USA       Samuel Ray        1    0          1          5  20.4.2001    2171900   2202860    2135320   2163410   10,30%  28.12.2001    1985710   2002720   1982370   1987260     2,13%       15000,00    2781,3    2660,5   2457,68   2163,41   2101,23    2215,1   2084,79    1916,8   1423,19   1768,96   1900,57   1987,26   
    27      Henry          Lennox       1            Keller Co.                Grey Street      Kingston UI26UF           E                United Kingdom  Jonathan Claper        1    0          0          2   5.1.2001    1237120   1247920    1231000   1239620   -0,39%  28.12.2001    1042640   1048740   1039200   1048480     1,61%        7000,00    6294,3   6588,36   6902,18    5766,6    5889,8    6068,3   5762,28   6230,84    4433,7    5145,5    5238,2    5242,4   
    28    Vanessa         Paradis       2                                53 av. de Larrieu        Calais   94007          F                        France       Samuel Ray        0    1          1          5  2.11.2001    1741370   1759650    1726610   1745730   -1,31%  28.12.2001    1985710   2002720   1982370   1987260     2,13%       12000,00    2781,3    2660,5   2457,68   2163,41   2101,23    2215,1   2084,79    1916,8   1423,19   1768,96   1900,57   1987,26   
    29      Maria            Ruch       2             KNCDMS AG        Industriestrasse 19          Belp   31008          D                       Germany     Helen Hannah        1    1          1          6  31.8.2001    1129030   1141830    1126380   1133580   -4,33%  28.12.2001    1157130   1164640   1157130   1161020     1,41%        1000,00   1490,77   1349,47   1299,83   1253,05   1291,96   1225,35   1215,02   1133,58   1040,94   1073,48   1120,31   1161,02   
    30       John     F.   Barker       1           Chemie GmbH              Holmes Street        London AH23HG           E                United Kingdom Amanda Langstrom        0    1          0          4  26.1.2001    1072710   1087430    1050630   1066000    0,68%  28.12.2001    1013394   1022078   1006717   1013699     1,01%        4000,00      10660 11203,22  11934,54   11959,2  10821,31      10977 10416,67  10956,34   8235,81   9204,11   9959,71  10136,99   
    31      Agnes     M.   Burton       2                                  Sherlock Street       Cardiff DE45JD           E                United Kingdom  Jonathan Claper        1    0          1          2 26.10.2001    1017320   1037720    1017320   1037720    1,42%  28.12.2001    1042640   1048740   1039200   1048480     1,61%       20000,00    6294,3   6588,36   6902,18    5766,6    5889,8    6068,3   5762,28   6230,84    4433,7    5145,5    5238,2    5242,4   
    32    Sabrine           Julot       2              Humer AG             21 rue Laplace         Brest   30027          F                        France  Pierre Dassault        0    1          0          3  25.5.2001    1130212   1132268    1113646   1116388   -1,00%  28.12.2001  0,920762  0,926038  0,916458  0,924916      2,78%        1000,00    5982,9    6130,4    6109,2   5575,97   5581,94   5439,76   5025,24   4689,34   3652,87   4478,63   4476,06   4624,58   
    33      Susan        Westecker      2                                      Nordstrasse   Birkenstadt   25014          D                       Germany    Thomas Müller        1    1          1          1  21.9.2001  0,761000  0,765210   0,707836  0,757446   -18,91%  28.12.2001    1022044   1035114   1022044   1032020     2,81%        2000,00   6412,78   6377,56   6204,42   6194,22   6223,57   6201,49   5999,19   5222,12   3787,23   4820,26   5150,97    5160,1   
    34       Mike     W.     Fast       1                                    3 Holly Court   Springfield   92201          U                           USA    Thomas Müller        1    0          0          1 15.11.2001  0,992118    1014650  0,992118    1001266    1,96%  28.12.2001    1022044   1035114   1022044   1032020     2,81%       10000,00   6412,78   6377,56   6204,42   6194,22   6223,57   6201,49   5999,19   5222,12   3787,23   4820,26   5150,97    5160,1   
    35     Harold     J. Ferguson       1            Data Paper                 Brook Road    Manchester XV35DF           E                United Kingdom Amanda Langstrom        0    1          1          4 23.11.2001  0,983309  0,998324   0,980437  0,995971     0,88%  28.12.2001    1013394   1022078   1006717   1013699     1,01%        2000,00      10660 11203,22  11934,54   11959,2  10821,31      10977 10416,67  10956,34   8235,81   9204,11   9959,71  10136,99   
    36       Jean         Bouvier       1          CPU Computer            28 rue Verlaine         Paris   25550          F                        France     Helen Hannah        1    0          1          6  19.7.2001    1207710   1225040    1205800   1215020   -0,05%  28.12.2001    1157130   1164640   1157130   1161020     1,41%        1000,00   1490,77   1349,47   1299,83   1253,05   1291,96   1225,35   1215,02   1133,58   1040,94   1073,48   1120,31   1161,02   
    37    William            Beck       1          Altonomia AG          Lyssachstrasse 44  Brüttisellen   82065          D                       Germany  Pierre Dassault        0    1          0          3 30.11.2001  0,894588  0,902670   0,890610  0,895212    -2,14%  28.12.2001  0,920762  0,926038  0,916458  0,924916      2,78%       28000,00    5982,9    6130,4    6109,2   5575,97   5581,94   5439,76   5025,24   4689,34   3652,87   4478,63   4476,06   4624,58   
    38     Sabine            Fall       2               NRG Ltd         Blumenstrasse 1566      Burgdorf   34005          D                       Germany Amanda Langstrom        1    0          1          4  5.10.2001  0,905883  0,920841   0,889447  0,911977     3,08%  28.12.2001    1013394   1022078   1006717   1013699     1,01%        1000,00      10660 11203,22  11934,54   11959,2  10821,31      10977 10416,67  10956,34   8235,81   9204,11   9959,71  10136,99   
    39      Marie           Garen       2                                     30 rue Papin          Lyon   25005          F                        France       Samuel Ray        0    1          0          5 15.11.2001    1891360   1922120    1882840   1900570    3,94%  28.12.2001    1985710   2002720   1982370   1987260     2,13%        1000,00    2781,3    2660,5   2457,68   2163,41   2101,23    2215,1   2084,79    1916,8   1423,19   1768,96   1900,57   1987,26   
    40       Nora           Meier       2                                33, r. l'Aéroport         Paris   10004          F                        France  Pierre Dassault        1    1          0          3  27.4.2001    1092334   1121424    1088964   1115194    2,32%  28.12.2001  0,920762  0,926038  0,916458  0,924916      2,78%        4000,00    5982,9    6130,4    6109,2   5575,97   5581,94   5439,76   5025,24   4689,34   3652,87   4478,63   4476,06   4624,58   
    41     Sharon     L.    Knost       2                           13228 Bridlewood Drive       Herndon   15518          U       Maryland            USA  Jonathan Claper        1    0          0          2  2.11.2001    1014240   1025900    1014240   1025900   -1,14%  28.12.2001    1042640   1048740   1039200   1048480     1,61%        2000,00    6294,3   6588,36   6902,18    5766,6    5889,8    6068,3   5762,28   6230,84    4433,7    5145,5    5238,2    5242,4   
    42Jean-Pierre          Goiran       1    Softstyle Hairshop         21 Rue Louis Vicat    Strasbourg   88885          F                        France       Samuel Ray        1    1          0          5  24.8.2001    1863320   1916830    1857730   1916800    2,67%  28.12.2001    1985710   2002720   1982370   1987260     2,13%        5000,00    2781,3    2660,5   2457,68   2163,41   2101,23    2215,1   2084,79    1916,8   1423,19   1768,96   1900,57   1987,26   
    43      Paula            Lanz       2        Mucho + Rapido            Industriest. 14   Derendingen   45532          D                       Germany    Thomas Müller        0    0          1          1   9.3.2001    1252844   1252844    1238666   1240884    0,74%  28.12.2001    1022044   1035114   1022044   1032020     2,81%        1000,00   6412,78   6377,56   6204,42   6194,22   6223,57   6201,49   5999,19   5222,12   3787,23   4820,26   5150,97    5160,1   
    44        Kim            Fehn       2                                      Hochdorf 71     Dielsdorf   81570          D                       Germany       Samuel Ray        1    0          1          5  28.9.2001    1472560   1499580    1466780   1498800    0,00%  28.12.2001    1985710   2002720   1982370   1987260     2,13%       32000,00    2781,3    2660,5   2457,68   2163,41   2101,23    2215,1   2084,79    1916,8   1423,19   1768,96   1900,57   1987,26   
    45  Alexander     C. Davidoff       1    Western Print Inc.            22 MacKay Drive San Francisco   55445          U     California            USA  Jonathan Claper        0    0          1          2 12.10.2001    1032980   1037500    1016240   1029100    2,17%  28.12.2001    1042640   1048740   1039200   1048480     1,61%        1000,00    6294,3   6588,36   6902,18    5766,6    5889,8    6068,3   5762,28   6230,84    4433,7    5145,5    5238,2    5242,4   
    46      Roger         Damerau       1                              Rüeggisingerstr. 45       Embrach   84238          D                       Germany Amanda Langstrom        0    0          1          4 26.10.2001  0,946228  0,962654   0,936935  0,954517     3,71%  28.12.2001    1013394   1022078   1006717   1013699     1,01%       26000,00      10660 11203,22  11934,54   11959,2  10821,31      10977 10416,67  10956,34   8235,81   9204,11   9959,71  10136,99   
    47      Laura         Baudoin       2       Bizar Marketing  33 Boulevard Saint Michel         Paris   60327          F                        France     Helen Hannah        0    1          1          6   2.2.2001    1373470   1376380    1348720   1349470   -0,40%  28.12.2001    1157130   1164640   1157130   1161020     1,41%        2000,00   1490,77   1349,47   1299,83   1253,05   1291,96   1225,35   1215,02   1133,58   1040,94   1073,48   1120,31   1161,02   
    48    Kirsten     A.   Turner       2   e-Business Services     13122 Cliff Edge Drive   Gainesville   77801          U                           USA     Helen Hannah        1    1          0          6  9.11.2001    1118540   1123020    1111130   1120310    3,05%  28.12.2001    1157130   1164640   1157130   1161020     1,41%        5000,00   1490,77   1349,47   1299,83   1253,05   1291,96   1225,35   1215,02   1133,58   1040,94   1073,48   1120,31   1161,02   
    49      Hanna            Boss       2            Stoffel AG                 Seineweg 3     Entlebuch   61605          D                       Germany       Samuel Ray        1    1          1          5  26.1.2001    2705390   2785620    2686650   2781300    0,39%  28.12.2001    1985710   2002720   1982370   1987260     2,13%        1000,00    2781,3    2660,5   2457,68   2163,41   2101,23    2215,1   2084,79    1916,8   1423,19   1768,96   1900,57   1987,26   
    50      Karen     J.   Wesson       2          Detroit Post              45 Hardy Lane       Detroit   45656          U                           USA  Pierre Dassault        1    0          1          3  21.9.2001  0,734874  0,746624   0,692614  0,730574   -16,67%  28.12.2001  0,920762  0,926038  0,916458  0,924916      2,78%       16000,00    5982,9    6130,4    6109,2   5575,97   5581,94   5439,76   5025,24   4689,34   3652,87   4478,63   4476,06   4624,58   
    51    Richard     A.  Gilmore       1                                      Scott Drive    Birmingham HJ73JD           E                United Kingdom  Jonathan Claper        0    1          0          2  12.4.2001    1157620   1159200    1147040   1153320    2,95%  28.12.2001    1042640   1048740   1039200   1048480     1,61%       20000,00    6294,3   6588,36   6902,18    5766,6    5889,8    6068,3   5762,28   6230,84    4433,7    5145,5    5238,2    5242,4   
    52     George     H.  Hopkins       1          Universal AG               Wells Street     Newcastle KH56JG           E                United Kingdom Amanda Langstrom        1    0          1          4 19.10.2001  0,916281  0,921802   0,908081  0,920411    -1,50%  28.12.2001    1013394   1022078   1006717   1013699     1,01%        2000,00      10660 11203,22  11934,54   11959,2  10821,31      10977 10416,67  10956,34   8235,81   9204,11   9959,71  10136,99   
    53     Gordon     K.  Stewart       1                                      Newton Road       Glasgow JG71OD           E                United Kingdom  Jonathan Claper        0    1          0          2 12.10.2001    1032980   1037500    1016240   1029100    2,17%  28.12.2001    1042640   1048740   1039200   1048480     1,61%        1000,00    6294,3   6588,36   6902,18    5766,6    5889,8    6068,3   5762,28   6230,84    4433,7    5145,5    5238,2    5242,4   
    54       Amon          Felder       1               UKKM AG             Burgstrasse 50      Feldbach   87155          D                       Germany    Thomas Müller        1    0          1          1  17.8.2001    1074068   1083230    1034860   1044424   -3,89%  28.12.2001    1022044   1035114   1022044   1032020     2,81%       33000,00   6412,78   6377,56   6204,42   6194,22   6223,57   6201,49   5999,19   5222,12   3787,23   4820,26   5150,97    5160,1   
    55    Olivier         Voirand       1           Viners Bank      11 Rue Rene Descartes    Marseilles   92009          F                        France  Pierre Dassault        0    1          0          3  2.11.2001  0,877562  0,883766   0,867764  0,873880    -2,44%  28.12.2001  0,920762  0,926038  0,916458  0,924916      2,78%       41000,00    5982,9    6130,4    6109,2   5575,97   5581,94   5439,76   5025,24   4689,34   3652,87   4478,63   4476,06   4624,58   
    56 Bernadette     F. Cloniger       2                                 4296 South Drive      Culpeper   56508          U     Washington            USA       Samuel Ray        0    0          1          5   8.6.2001    2263750   2263750    2202270   2215100    3,05%  28.12.2001    1985710   2002720   1982370   1987260     2,13%        4000,00    2781,3    2660,5   2457,68   2163,41   2101,23    2215,1   2084,79    1916,8   1423,19   1768,96   1900,57   1987,26   
    57       Jane         Heinzer       2         StrasseBau AG       Schaffhauserstr. 87A      Thayngen   82007          D                       Germany    Thomas Müller        1    1          1          1  21.9.2001  0,761000  0,765210   0,707836  0,757446   -18,91%  28.12.2001    1022044   1035114   1022044   1032020     2,81%       15000,00   6412,78   6377,56   6204,42   6194,22   6223,57   6201,49   5999,19   5222,12   3787,23   4820,26   5150,97    5160,1   
    58       Paul     F. McDonald       1           Central Bar              Nelson Street     Edinburgh PS14HE           E                United Kingdom Amanda Langstrom        1    0          0          4 19.10.2001  0,916281  0,921802   0,908081  0,920411    -1,50%  28.12.2001    1013394   1022078   1006717   1013699     1,01%       10000,00      10660 11203,22  11934,54   11959,2  10821,31      10977 10416,67  10956,34   8235,81   9204,11   9959,71  10136,99   
    59      James     D.    Brown       1                                       Oak Street        London IS42HJ           E                United Kingdom     Helen Hannah        0    1          1          6  5.10.2001    1069620   1072350    1053500   1071380    2,92%  28.12.2001    1157130   1164640   1157130   1161020     1,41%       20000,00   1490,77   1349,47   1299,83   1253,05   1291,96   1225,35   1215,02   1133,58   1040,94   1073,48   1120,31   1161,02   
    60   Samantha     L.      Fox       2                  Ciba                George Road   Southampton KD56NS           E                United Kingdom Amanda Langstrom        1    0          0          4  11.5.2001    1090830   1092014    1077413   1082131    0,00%  28.12.2001    1013394   1022078   1006717   1013699     1,01%       18000,00      10660 11203,22  11934,54   11959,2  10821,31      10977 10416,67  10956,34   8235,81   9204,11   9959,71  10136,99   
    61       Hans        Leuenbaum      1          Bösewicht AG            Hochstrasse 478       Dresden   99112          D                       Germany  Jonathan Claper        1    1          0          2  26.1.2001    1251120   1259000    1244760   1258860    1,37%  28.12.2001    1042640   1048740   1039200   1048480     1,61%        1000,00    6294,3   6588,36   6902,18    5766,6    5889,8    6068,3   5762,28   6230,84    4433,7    5145,5    5238,2    5242,4   
    62     Lionel        Fournier       1                        6 rue des Vieilles Vignes      Toulouse   18981          F                        France  Pierre Dassault        1    0          0          3  13.7.2001    1000138   1005706  0,986650    1005048   -1,92%  28.12.2001  0,920762  0,926038  0,916458  0,924916      2,78%        9000,00    5982,9    6130,4    6109,2   5575,97   5581,94   5439,76   5025,24   4689,34   3652,87   4478,63   4476,06   4624,58   
    63    Deborah     I. Williams       2 Reliable Printers Inc          338 Freeman Drive       Raleigh   13450          U                           USA       Samuel Ray        0    1          0          5 12.10.2001    1690210   1707430    1651240   1703400    6,11%  28.12.2001    1985710   2002720   1982370   1987260     2,13%        1000,00    2781,3    2660,5   2457,68   2163,41   2101,23    2215,1   2084,79    1916,8   1423,19   1768,96   1900,57   1987,26   
    64     Johann         Baumann       1         Bücherwurm AG        Jungmannstrasse 656          Jena   89893          D                       Germany Amanda Langstrom        1    0          1          4   8.6.2001    1109562   1109646    1088292   1097700   -0,12%  28.12.2001    1013394   1022078   1006717   1013699     1,01%       22000,00      10660 11203,22  11934,54   11959,2  10821,31      10977 10416,67  10956,34   8235,81   9204,11   9959,71  10136,99   
    65    Emanuel        Steinhoff      1                                 Mozartstrasse 22    Düsseldorf   55456          D                       Germany    Thomas Müller        0    1          1          1 12.10.2001  0,944122  0,944946   0,916272  0,925026     3,06%  28.12.2001    1022044   1035114   1022044   1032020     2,81%       18000,00   6412,78   6377,56   6204,42   6194,22   6223,57   6201,49   5999,19   5222,12   3787,23   4820,26   5150,97    5160,1   
    66   Heinrich        Niederle       1                                      Bachweg 657       Leipzig   65463          D                       Germany  Pierre Dassault        1    0          1          3 26.10.2001  0,888776  0,896552   0,883880  0,895726     3,24%  28.12.2001  0,920762  0,926038  0,916458  0,924916      2,78%        2000,00    5982,9    6130,4    6109,2   5575,97   5581,94   5439,76   5025,24   4689,34   3652,87   4478,63   4476,06   4624,58   
    67     Thomas         Kleiner       1 Flintstone Informatik          Ritterstrasse 674       Hamburg   13651          D                       Germany    Thomas Müller        0    1          1          1 12.10.2001  0,944122  0,944946   0,916272  0,925026     3,06%  28.12.2001    1022044   1035114   1022044   1032020     2,81%        6000,00   6412,78   6377,56   6204,42   6194,22   6223,57   6201,49   5999,19   5222,12   3787,23   4820,26   5150,97    5160,1   
    68       Rene         Tourtel       1 Heuschober Direkt Mai         11 rue Sadi Carnot        Nantes   45684          F                        France       Samuel Ray        0    0          1          5  10.8.2001    1957340   1967030    1915990   1956470   -5,32%  28.12.2001    1985710   2002720   1982370   1987260     2,13%        2000,00    2781,3    2660,5   2457,68   2163,41   2101,23    2215,1   2084,79    1916,8   1423,19   1768,96   1900,57   1987,26   
    69      James     J. Lombardo       1                                  93 Muncy Avenue    Holtsville   32131          U           Iowa            USA  Jonathan Claper        1    0          0          2 19.10.2001    1040680   1040680    1018040   1023200   -0,57%  28.12.2001    1042640   1048740   1039200   1048480     1,61%       10000,00    6294,3   6588,36   6902,18    5766,6    5889,8    6068,3   5762,28   6230,84    4433,7    5145,5    5238,2    5242,4   
    70Marie-Clair         Grillot       2     Neudorfer Zeitung                rue de Metz       Lourdes   12367          F                        France  Pierre Dassault        1    0          1          3  31.8.2001  0,937586  0,944508   0,933638  0,937868    -4,62%  28.12.2001  0,920762  0,926038  0,916458  0,924916      2,78%       22000,00    5982,9    6130,4    6109,2   5575,97   5581,94   5439,76   5025,24   4689,34   3652,87   4478,63   4476,06   4624,58   
    71   Jennifer     S. McAlister      2                                 441 Brooks Court      Damascus   55009          U         Kansas            USA     Helen Hannah        1    1          1          6  10.9.2001    1085780   1096940    1073150   1092540   -1,25%  28.12.2001    1157130   1164640   1157130   1161020     1,41%       15000,00   1490,77   1349,47   1299,83   1253,05   1291,96   1225,35   1215,02   1133,58   1040,94   1073,48   1120,31   1161,02   
    72     Amanda     D. Makepeace      2        Birkbäumler AG             Dempsey Street     Liverpool BD99JD           E                United Kingdom  Jonathan Claper        0    0          0          2 12.10.2001    1032980   1037500    1016240   1029100    2,17%  28.12.2001    1042640   1048740   1039200   1048480     1,61%        1000,00    6294,3   6588,36   6902,18    5766,6    5889,8    6068,3   5762,28   6230,84    4433,7    5145,5    5238,2    5242,4   
    73     Jürgen           Weber       1                               Pilsenerstrasse 99       München   78945          D                       Germany Amanda Langstrom        1    0          1          4  2.11.2001  0,926452  0,940693   0,915291  0,932354    -2,32%  28.12.2001    1013394   1022078   1006717   1013699     1,01%        1000,00      10660 11203,22  11934,54   11959,2  10821,31      10977 10416,67  10956,34   8235,81   9204,11   9959,71  10136,99   
    74     Gudrun        Grossmann      2          Kraterman AG        Telemannstrasse 456    Düsseldorf   45616          D                       Germany Amanda Langstrom        1    0          0          4 23.11.2001  0,983309  0,998324   0,980437  0,995971     0,88%  28.12.2001    1013394   1022078   1006717   1013699     1,01%       13000,00      10660 11203,22  11934,54   11959,2  10821,31      10977 10416,67  10956,34   8235,81   9204,11   9959,71  10136,99   
    75  Alexander        Lewinski       1      Hoffmann & Co KG           Kleinstrasse 112        Berlin   12344          D                       Germany    Thomas Müller        1    1          1          1  10.8.2001    1104612   1113986    1077468   1086698   -5,27%  28.12.2001    1022044   1035114   1022044   1032020     2,81%       18000,00   6412,78   6377,56   6204,42   6194,22   6223,57   6201,49   5999,19   5222,12   3787,23   4820,26   5150,97    5160,1   
    76      Erich         Stieber       1                                  Gayerstrasse 61      Nürnberg   21552          D                       Germany     Helen Hannah        0    1          0          6 19.10.2001    1068610   1075520    1057240   1073480   -1,66%  28.12.2001    1157130   1164640   1157130   1161020     1,41%        6000,00   1490,77   1349,47   1299,83   1253,05   1291,96   1225,35   1215,02   1133,58   1040,94   1073,48   1120,31   1161,02   
    77      Peter        Strasser       1           Sandokan AG           Meyerstrasse 987   Schweinfurt   54631          D                       Germany    Thomas Müller        1    1          1          1  25.5.2001    1256228   1260744    1240908   1244714    0,59%  28.12.2001    1022044   1035114   1022044   1032020     2,81%        1000,00   6412,78   6377,56   6204,42   6194,22   6223,57   6201,49   5999,19   5222,12   3787,23   4820,26   5150,97    5160,1   
    78     Sheryl     A.    Owens       2                            1085 Warburton Avenue    Long Beach   34642          U     California            USA  Jonathan Claper        0    0          1          2  21.9.2001  0,911380  0,911380   0,843960  0,886740   -11,92%  28.12.2001    1042640   1048740   1039200   1048480     1,61%       22000,00    6294,3   6588,36   6902,18    5766,6    5889,8    6068,3   5762,28   6230,84    4433,7    5145,5    5238,2    5242,4   
    79      Georg         Schmidt       1                                  Hochstrasse 654          Bonn   12373          D                       Germany  Pierre Dassault        0    1          0          3  28.9.2001  0,813044  0,823568   0,808178  0,815804    11,67%  28.12.2001  0,920762  0,926038  0,916458  0,924916      2,78%        5000,00    5982,9    6130,4    6109,2   5575,97   5581,94   5439,76   5025,24   4689,34   3652,87   4478,63   4476,06   4624,58   
    80   Reinhold         Messner       1 Fixgedrucktisthalbgew        Budweiserstrasse 44       Dresden   43544          D                       Germany     Helen Hannah        1    0          1          6 19.10.2001    1068610   1075520    1057240   1073480   -1,66%  28.12.2001    1157130   1164640   1157130   1161020     1,41%       15000,00   1490,77   1349,47   1299,83   1253,05   1291,96   1225,35   1215,02   1133,58   1040,94   1073,48   1120,31   1161,02   
    81   Danielle         Mercier       2   Berner Versicherung       rue du Cor de Chasse         Brest   87875          F                        France       Samuel Ray        1    1          0          5   2.2.2001    2782930   2791580    2660110   2660500   -4,34%  28.12.2001    1985710   2002720   1982370   1987260     2,13%        1000,00    2781,3    2660,5   2457,68   2163,41   2101,23    2215,1   2084,79    1916,8   1423,19   1768,96   1900,57   1987,26   
    82        Max          Kepler       1                               Grossestrasse 1232        Bremen   12316          D                       Germany    Thomas Müller        0    0          0          1  10.9.2001  0,945032  0,951620   0,905614  0,934026    -4,21%  28.12.2001    1022044   1035114   1022044   1032020     2,81%       45000,00   6412,78   6377,56   6204,42   6194,22   6223,57   6201,49   5999,19   5222,12   3787,23   4820,26   5150,97    5160,1   
    83   Wolfgang        Schubert       1       Bischofszell AG           Steinstrasse 546        Berlin   54630          D                       Germany    Thomas Müller        1    0          0          1 26.10.2001  0,943806  0,964052   0,943806  0,964052     5,38%  28.12.2001    1022044   1035114   1022044   1032020     2,81%        1000,00   6412,78   6377,56   6204,42   6194,22   6223,57   6201,49   5999,19   5222,12   3787,23   4820,26   5150,97    5160,1   
    84     Marion     N.  Jackson       2     Digital Mail Inc.     813 S. Michigan Avenue       Chicago   33000          U                           USA Amanda Langstrom        1    0          0          4  9.11.2001  0,958696  0,969235   0,947875  0,960800     3,05%  28.12.2001    1013394   1022078   1006717   1013699     1,01%        2000,00      10660 11203,22  11934,54   11959,2  10821,31      10977 10416,67  10956,34   8235,81   9204,11   9959,71  10136,99   
    85  Ferdinand        Kamenski       1                                  Grünstrasse 654 Friedrichshaf   21331          D                       Germany       Samuel Ray        1    1          1          5 26.10.2001    1763780   1792870    1763000   1768960    5,84%  28.12.2001    1985710   2002720   1982370   1987260     2,13%        1000,00    2781,3    2660,5   2457,68   2163,41   2101,23    2215,1   2084,79    1916,8   1423,19   1768,96   1900,57   1987,26   
    86     Konrad          Berger       1                                Hochbergerstr. 15       Hamburg   54654          D                       Germany     Helen Hannah        0    0          1          6  22.6.2001    1237040   1237730    1221410   1225350    0,91%  28.12.2001    1157130   1164640   1157130   1161020     1,41%       27000,00   1490,77   1349,47   1299,83   1253,05   1291,96   1225,35   1215,02   1133,58   1040,94   1073,48   1120,31   1161,02   
    87     Karina          Perrin       2      AT&F Data Center            rue Victor Hugo         Paris   24320          F                        France  Pierre Dassault        1    1          1          3 15.11.2001  0,921462  0,928630   0,906166  0,915456     1,40%  28.12.2001  0,920762  0,926038  0,916458  0,924916      2,78%       20000,00    5982,9    6130,4    6109,2   5575,97   5581,94   5439,76   5025,24   4689,34   3652,87   4478,63   4476,06   4624,58   
    88    Hermann        Steinmetz      1                           Hühnerhubelstrasse 456        Bremen   54652          D                       Germany    Thomas Müller        1    0          1          1  21.9.2001  0,761000  0,765210   0,707836  0,757446   -18,91%  28.12.2001    1022044   1035114   1022044   1032020     2,81%        3000,00   6412,78   6377,56   6204,42   6194,22   6223,57   6201,49   5999,19   5222,12   3787,23   4820,26   5150,97    5160,1   
    89    William     W. Wingmann       1 Sophisticated Systems     3082 Scottsborough Way   New Orleans   13214          U                           USA     Helen Hannah        0    0          1          6   6.9.2001    1131740   1131740    1105830   1106400   -2,40%  28.12.2001    1157130   1164640   1157130   1161020     1,41%       13000,00   1490,77   1349,47   1299,83   1253,05   1291,96   1225,35   1215,02   1133,58   1040,94   1073,48   1120,31   1161,02   
    90      Henry     J. Anderson       1                                     Twist Street     Sheffield PS45GW           E                United Kingdom Amanda Langstrom        1    1          0          4  28.9.2001  0,867907  0,894568   0,863375  0,884756     0,00%  28.12.2001    1013394   1022078   1006717   1013699     1,01%        4000,00      10660 11203,22  11934,54   11959,2  10821,31      10977 10416,67  10956,34   8235,81   9204,11   9959,71  10136,99   
    91   Jennifer     B. Freeborn       2                                  Thompson Street    Shrewsbury OS54HE           E                United Kingdom       Samuel Ray        0    1          1          5  13.7.2001    2068220   2105150    2055560   2084790    0,22%  28.12.2001    1985710   2002720   1982370   1987260     2,13%        4000,00    2781,3    2660,5   2457,68   2163,41   2101,23    2215,1   2084,79    1916,8   1423,19   1768,96   1900,57   1987,26   
    92   Patricia     A.  Shannon       2 TerraByte Digitalizat      6404 Williams Parkway     Covington   13216          U   South Dakota            USA  Pierre Dassault        0    1          1          3 19.10.2001  0,861648  0,871882   0,858278  0,867618     0,03%  28.12.2001  0,920762  0,926038  0,916458  0,924916      2,78%        1000,00    5982,9    6130,4    6109,2   5575,97   5581,94   5439,76   5025,24   4689,34   3652,87   4478,63   4476,06   4624,58   
    93     George     S.  Goodwin       1                                      Park Street      Plymouth HD55HS           E                United Kingdom  Jonathan Claper        1    0          0          2 15.11.2001    1048140   1059420    1038680   1047640   -0,11%  28.12.2001    1042640   1048740   1039200   1048480     1,61%        5000,00    6294,3   6588,36   6902,18    5766,6    5889,8    6068,3   5762,28   6230,84    4433,7    5145,5    5238,2    5242,4   
    94    Charles     B.  Humason       1      Kühne & Nagel AG            McKinley Street        Exeter DJ54DA           E                United Kingdom       Samuel Ray        0    1          1          5  2.11.2001    1741370   1759650    1726610   1745730   -1,31%  28.12.2001    1985710   2002720   1982370   1987260     2,13%        1000,00    2781,3    2660,5   2457,68   2163,41   2101,23    2215,1   2084,79    1916,8   1423,19   1768,96   1900,57   1987,26   
    95  Stevenson     P. Holbrook       1  Bewag - Druck Wehrle               Drake Street      Brighton OS44HS           E                United Kingdom  Jonathan Claper        0    1          0          2  21.9.2001  0,911380  0,911380   0,843960  0,886740   -11,92%  28.12.2001    1042640   1048740   1039200   1048480     1,61%        5000,00    6294,3   6588,36   6902,18    5766,6    5889,8    6068,3   5762,28   6230,84    4433,7    5145,5    5238,2    5242,4   
    96      Sonya        Bergmann       2                                Gewerbestrasse 10        Bülach   56459          D                       Germany Amanda Langstrom        1    1          1          4  27.7.2001    1045189   1051638    1031627   1041667   -1,82%  28.12.2001    1013394   1022078   1006717   1013699     1,01%       10000,00      10660 11203,22  11934,54   11959,2  10821,31      10977 10416,67  10956,34   8235,81   9204,11   9959,71  10136,99   
    97      James     G.  Redneck       1                           2003 Port Nelson Place  Philadelphia   30029          U                           USA     Helen Hannah        0    0          0          6  28.9.2001    1018610   1040940    1018610   1040940    0,00%  28.12.2001    1157130   1164640   1157130   1161020     1,41%        4000,00   1490,77   1349,47   1299,83   1253,05   1291,96   1225,35   1215,02   1133,58   1040,94   1073,48   1120,31   1161,02   
    98      Homer     P. Stevenson      1            Parfait SA             Martens Street         Dover OD42FE           E                United Kingdom  Jonathan Claper        0    1          1          2  11.5.2001    1192800   1195500    1178080   1179360    0,45%  28.12.2001    1042640   1048740   1039200   1048480     1,61%        1000,00    6294,3   6588,36   6902,18    5766,6    5889,8    6068,3   5762,28   6230,84    4433,7    5145,5    5238,2    5242,4   
    99     Marcel           Bloch       1                                    rue Richelieu      Le Havre   99994          F                        France Amanda Langstrom        0    0          1          4 26.10.2001  0,946228  0,962654   0,936935  0,954517     3,71%  28.12.2001    1013394   1022078   1006717   1013699     1,01%       37000,00      10660 11203,22  11934,54   11959,2  10821,31      10977 10416,67  10956,34   8235,81   9204,11   9959,71  10136,99   
   100     Arnold         Schwarz       1    DruckereiServis SA            Bramenstrasse 5       Altdorf   77820          D                       Germany    Thomas Müller        1    0          0          1 23.11.2001    1026336   1032038    1006278   1030194    2,89%  28.12.2001    1022044   1035114   1022044   1032020     2,81%       15000,00   6412,78   6377,56   6204,42   6194,22   6223,57   6201,49   5999,19   5222,12   3787,23   4820,26   5150,97    5160,1   





































































































